847
923
156
734
289
612
478
385
719
234
891
567
123
456
789
345
678
912
543
876
198
765
432
109
654
321
987
210
743
586
829
174
695
438
752
361
694
527
816
249
783
405
638
172
759
394
681
528
847
203
716
459
862
375
934
187
624
486
753
318
695
427
816
549
728
361
684
597
823
246
759
482
615
398
741
524
687
349
792
465
718
231
654
897
576
123
846
759
432
685
198
531
874
647
320
795
468
713
256
589
822
345
678
91
764
437
510
683
356
829
492
165
738
401
674
547
820
293
766
439
512
685
358
791
424
657
390
723
456
189
632
475
818
341
664
597
830
263
796
429
662
395
728
461
594
827
360
693
526
759
392
625
458
791
324
657
590
823
256
689
422
755
488
821
354
687
520
753
386
619
452
785
318
651
584
817
250
683
416
749
582
815
248
681
414
747
580
813
246
679
412
745
578
811
244
677
410
743
576
809
242
675
408
741
574
807
240
673
406
739
572
805
238
671
404
737
570
803
236
669
402
735
568
801
234
667
400
733
566
799
232
665
398
731
564
797
230
663
396
729
562
795
228
661
394
727
560
793
226
659
392
725
558
791
224
657
390
723
556
789
222
655
388
721
554
787
220
653
386
719
552
785
218
651
384
717
550
783
216
649
382
715
548
781
214
647
380
713
546
779
212
645
378
711
544
777
210
643
376
709
542
775
208
641
374
707
540
773
206
639
372
705
538
771
204
637
370
703
536
769
202
635
368
701
534
767
200
633
366
699
532
765
198
631
364
697
530
763
196
629
362
695
528
761
194
627
360
693
526
759
192
625
358
691
524
757
190
623
356
689
522
755
188
621
354
687
520
753
186
619
352
685
518
751
184
617
350
683
516
749
182
615
348
681
514
747
180
613
346
679
512
745
178
611
344
677
510
743
176
609
342
675
508
741
174
607
340
673
506
739
172
605
338
671
504
737
170
603
336
669
502
735
168
601
334
667
500
733
166
599
332
665
498
731
164
597
330
663
496
729
162
595
328
661
494
727
160
593
326
659
492
725
158
591
324
657
490
723
156
589
322
655
488
721
154
587
320
653
486
719
152
585
318
651
484
717
150
583
316
649
482
715
148
581
314
647
480
713
146
579
312
645
478
711
144
577
310
643
476
709
142
575
308
641
474
707
140
573
306
639
472
705
138
571
304
637
470
703
136
569
302
635
468
701
134
567
300
633
466
699
132
565
298
631
464
697
130
563
296
629
462
695
128
561
294
627
460
693
126
559
292
625
458
691
124
557
290
623
456
689
122
555
288
621
454
687
120
553
286
619
452
685
118
551
284
617
450
683
116
549
282
615
448
681
114
547
280
613
446
679
112
545
278
611
444
677
110
543
276
609
442
675
108
541
274
607
440
673
106
539
272
605
438
671
104
537
270
603
436
669
102
535
268
601
434
667
100
533
266
599
432
665
98
531
264
597
430
663
96
529
262
595
428
661
94
527
260
593
426
659
92
525
258
591
424
657
90
523
256
589
422
655
88
521
254
587
420
653
86
519
252
585
418
651
84
517
250
583
416
649
82
515
248
581
414
647
80
513
246
579
412
645
78
511
244
577
410
643
76
509
242
575
408
641
74
507
240
573
406
639
72
505
238
571
404
637
70
503
236
569
402
635
68
501
234
567
400
633
66
499
232
565
398
631
64
497
230
563
396
629
62
495
228
561
394
627
60
493
226
559
392
625
58
491
224
557
390
623
56
489
222
555
388
621
54
487
220
553
386
619
52
485
218
551
384
617
50
483
216
549
382
615
48
481
214
547
380
613
46
479
212
545
378
611
44
477
210
543
376
609
42
475
208
541
374
607
40
473
206
539
372
605
38
471
204
537
370
603
36
469
202
535
368
601
34
467
200
533
366
599
32
465
198
531
364
597
30
463
196
529
362
595
28
461
194
527
360
593
26
459
192
525
358
591
24
457
190
523
356
589
22
455
188
521
354
587
20
453
186
519
352
585
18
451
184
517
350
583
16
449
182
515
348
581
14
447
180
513
346
579
12
445
178
511
344
577
10
443
176
509
342
575
8
441
174
507
340
573
6
439
172
505
338
571
4
437
170
503
336
569
2
435
168
501
334
567